# unix_time, cycles_done, cur_path, paths_total, pending_total, pending_favs, map_size, unique_crashes, unique_hangs, max_depth, execs_per_sec
1603892681, 0, 0, 2, 2, 1, 0.02%, 0, 0, 1, 695.65
1603892686, 16, 1, 2, 0, 0, 0.02%, 0, 0, 1, 1637.08
1603892691, 39, 1, 2, 0, 0, 0.02%, 0, 0, 1, 1985.61
1603892696, 65, 0, 2, 0, 0, 0.02%, 0, 0, 1, 2151.56
1603892701, 86, 1, 2, 0, 0, 0.02%, 0, 0, 1, 1919.19
1603892706, 109, 0, 2, 0, 0, 0.02%, 0, 0, 1, 2010.49
1603892711, 134, 0, 2, 0, 0, 0.02%, 0, 0, 1, 2146.51
1603892716, 157, 1, 2, 0, 0, 0.02%, 0, 0, 1, 2106.47
1603892722, 182, 1, 2, 0, 0, 0.02%, 0, 0, 1, 2175.66
1603892727, 208, 0, 2, 0, 0, 0.02%, 0, 0, 1, 2215.76
1603892732, 233, 0, 2, 0, 0, 0.02%, 0, 0, 1, 2211.87
1603892737, 258, 1, 2, 0, 0, 0.02%, 0, 0, 1, 2215.51
1603892742, 282, 1, 2, 0, 0, 0.02%, 0, 0, 1, 2095.74
1603892747, 305, 1, 2, 0, 0, 0.02%, 0, 0, 1, 2056.28
1603892752, 327, 1, 2, 0, 0, 0.02%, 0, 0, 1, 1880.37
1603892758, 349, 0, 2, 0, 0, 0.02%, 0, 0, 1, 1940.60
