# unix_time, cycles_done, cur_path, paths_total, pending_total, pending_favs, map_size, unique_crashes, unique_hangs, max_depth, execs_per_sec
1596564865, 0, 0, 1, 1, 1, 0.03%, 0, 0, 1, 1333.33
1596564870, 0, 0, 6, 6, 1, 0.03%, 0, 0, 2, 1616.86
1596564875, 0, 4, 6, 3, 0, 0.03%, 0, 0, 2, 1664.69
1596564880, 0, 5, 6, 2, 0, 0.03%, 0, 0, 2, 1688.14
1596564885, 0, 6, 7, 2, 0, 0.03%, 0, 0, 3, 1589.45
1596564890, 1, 1, 7, 1, 0, 0.03%, 0, 0, 3, 1562.49
1596564895, 3, 2, 7, 0, 0, 0.03%, 0, 0, 3, 1533.64
1596564900, 5, 0, 7, 0, 0, 0.03%, 0, 0, 3, 1533.45
1596564905, 6, 5, 7, 0, 0, 0.03%, 0, 0, 3, 1576.96
1596564911, 8, 4, 7, 0, 0, 0.03%, 0, 0, 3, 1693.98
1596564916, 10, 1, 7, 0, 0, 0.03%, 0, 0, 3, 1392.07
1596564921, 11, 2, 7, 0, 0, 0.03%, 0, 0, 3, 1242.50
1596564926, 12, 3, 7, 0, 0, 0.03%, 0, 0, 3, 1173.02
1596564931, 13, 6, 7, 0, 0, 0.03%, 0, 0, 3, 1287.50
1596564936, 15, 3, 7, 0, 0, 0.03%, 0, 0, 3, 1401.18
1596564941, 17, 0, 7, 0, 0, 0.03%, 0, 0, 3, 1403.54
1596564946, 18, 4, 7, 0, 0, 0.03%, 0, 0, 3, 1393.28
1596564951, 20, 1, 7, 0, 0, 0.03%, 0, 0, 3, 1392.56
1596564957, 21, 4, 7, 0, 0, 0.03%, 0, 0, 3, 1364.51
1596564962, 23, 1, 7, 0, 0, 0.03%, 0, 0, 3, 1358.70
1596564967, 24, 4, 7, 0, 0, 0.03%, 0, 0, 3, 1341.96
1596564972, 26, 1, 7, 0, 0, 0.03%, 0, 0, 3, 1391.18
1596564977, 27, 4, 7, 0, 0, 0.03%, 0, 0, 3, 1358.67
1596564982, 29, 3, 7, 0, 0, 0.03%, 0, 0, 3, 1604.46
