# unix_time, cycles_done, cur_path, paths_total, pending_total, pending_favs, map_size, unique_crashes, unique_hangs, max_depth, execs_per_sec
1591704457, 0, 0, 2, 2, 1, 0.03%, 0, 0, 1, 1777.78
1591704462, 5, 1, 2, 0, 0, 0.03%, 0, 0, 1, 1819.49
1591704467, 11, 1, 2, 0, 0, 0.03%, 0, 0, 1, 1754.67
1591704472, 18, 1, 2, 0, 0, 0.03%, 0, 0, 1, 1966.48
1591704477, 24, 0, 2, 0, 0, 0.03%, 0, 0, 1, 1750.62
1591704482, 30, 1, 2, 0, 0, 0.03%, 0, 0, 1, 1784.96
1591704487, 37, 1, 2, 0, 0, 0.03%, 0, 0, 1, 2018.09
1591704492, 43, 0, 2, 0, 0, 0.03%, 0, 0, 1, 1699.22
1591704497, 49, 0, 2, 0, 0, 0.03%, 0, 0, 1, 1716.74
