# unix_time, cycles_done, cur_path, paths_total, pending_total, pending_favs, map_size, unique_crashes, unique_hangs, max_depth, execs_per_sec
1613070609, 0, 0, 2, 2, 1, 0.01%, 0, 0, 1, 2666.67
1613070614, 0, 0, 10, 10, 1, 0.03%, 0, 0, 2, 2988.71
1613070619, 0, 0, 12, 12, 1, 0.03%, 0, 0, 2, 3065.99
1613070624, 0, 3, 21, 19, 2, 0.03%, 0, 0, 3, 3063.39
1613070634, 1, 6, 21, 16, 0, 0.03%, 0, 0, 3, 2777.47
1613070639, 2, 1, 21, 11, 0, 0.03%, 0, 0, 3, 2873.16
1613070644, 2, 19, 21, 8, 0, 0.03%, 0, 0, 3, 2816.72
1613070649, 2, 20, 21, 7, 0, 0.03%, 0, 0, 3, 2376.35
1613070655, 4, 20, 23, 7, 0, 0.03%, 0, 0, 4, 2472.59
1613070660, 5, 21, 23, 5, 0, 0.03%, 0, 0, 4, 2841.24
1613070665, 7, 1, 23, 4, 0, 0.03%, 0, 0, 4, 3025.72
1613070670, 10, 1, 23, 2, 0, 0.03%, 0, 0, 4, 3060.99
1613070675, 10, 22, 23, 2, 0, 0.03%, 0, 0, 4, 3066.41
1613070680, 12, 19, 23, 0, 0, 0.03%, 0, 0, 4, 3070.25
1613070685, 17, 1, 23, 0, 0, 0.03%, 0, 0, 4, 3076.83
1613070690, 20, 21, 23, 0, 0, 0.03%, 0, 0, 4, 2981.99
1613070696, 24, 14, 23, 0, 0, 0.03%, 0, 0, 4, 2884.67
1613070701, 29, 7, 23, 0, 0, 0.03%, 0, 0, 4, 3002.47
