# unix_time, cycles_done, cur_path, paths_total, pending_total, pending_favs, map_size, unique_crashes, unique_hangs, max_depth, execs_per_sec
1596031761, 0, 0, 1, 1, 1, 0.03%, 0, 0, 1, 333.33
1596031766, 0, 2, 4, 3, 1, 0.03%, 0, 0, 2, 612.45
1596031771, 0, 3, 4, 2, 0, 0.03%, 0, 0, 2, 752.78
1596031776, 0, 4, 6, 3, 0, 0.03%, 0, 0, 4, 619.47
1596031781, 0, 4, 7, 4, 0, 0.03%, 0, 0, 4, 550.69
1596031827, 0, 5, 7, 3, 0, 0.03%, 0, 0, 4, 528.60
1596031878, 0, 6, 7, 2, 0, 0.03%, 0, 0, 4, 544.06
1596031939, 1, 3, 7, 0, 0, 0.03%, 0, 0, 4, 616.74
1596031944, 2, 2, 7, 0, 0, 0.03%, 0, 0, 4, 536.84
1596031949, 2, 5, 7, 0, 0, 0.03%, 0, 0, 4, 564.93
1596031954, 3, 1, 7, 0, 0, 0.03%, 0, 0, 4, 585.49
