# unix_time, cycles_done, cur_path, paths_total, pending_total, pending_favs, map_size, unique_crashes, unique_hangs, max_depth, execs_per_sec
1595449881, 0, 0, 2, 2, 2, 0.02%, 0, 0, 1, 2285.71
1595449886, 0, 2, 3, 1, 1, 0.02%, 2, 0, 2, 1529.77
1595449896, 1, 0, 3, 0, 0, 0.02%, 3, 0, 2, 1543.19
1595449901, 3, 3, 4, 1, 1, 0.02%, 3, 0, 3, 1620.04
1595449906, 6, 3, 4, 0, 0, 0.02%, 4, 0, 3, 1692.69
1595449912, 10, 1, 4, 0, 0, 0.02%, 4, 0, 3, 1799.29
1595449917, 14, 0, 4, 0, 0, 0.02%, 4, 0, 3, 1812.10
1595449922, 17, 1, 4, 0, 0, 0.02%, 4, 0, 3, 1708.37
1595449927, 20, 3, 4, 0, 0, 0.02%, 4, 0, 3, 1684.33
1595449932, 24, 1, 4, 0, 0, 0.02%, 4, 0, 3, 1856.32
1595449937, 28, 0, 4, 0, 0, 0.02%, 4, 0, 3, 1751.42
