# unix_time, cycles_done, cur_path, paths_total, pending_total, pending_favs, map_size, unique_crashes, unique_hangs, max_depth, execs_per_sec
1590421626, 0, 0, 2, 2, 2, 0.01%, 0, 0, 1, 1777.78
1590421631, 5, 0, 2, 0, 0, 0.01%, 1, 0, 1, 1781.64
1590421636, 10, 1, 2, 0, 0, 0.01%, 1, 0, 1, 1700.07
1590421642, 17, 0, 2, 0, 0, 0.01%, 1, 0, 1, 1772.26
1590421647, 23, 0, 2, 0, 0, 0.01%, 1, 0, 1, 1749.27
1590421652, 28, 1, 2, 0, 0, 0.01%, 1, 0, 1, 1696.97
1590421657, 34, 1, 2, 0, 0, 0.01%, 1, 0, 1, 1716.04
1590421662, 40, 0, 2, 0, 0, 0.01%, 1, 0, 1, 1490.93
1590421667, 44, 1, 2, 0, 0, 0.01%, 1, 0, 1, 1437.13
1590421672, 49, 1, 2, 0, 0, 0.01%, 1, 0, 1, 1404.82
1590421677, 54, 1, 2, 0, 0, 0.01%, 1, 0, 1, 1385.01
1590421682, 58, 1, 2, 0, 0, 0.01%, 1, 0, 1, 1190.38
1590421688, 63, 0, 2, 0, 0, 0.01%, 1, 0, 1, 1331.39
1590421693, 68, 0, 2, 0, 0, 0.01%, 1, 0, 1, 1416.02
1590421698, 72, 1, 2, 0, 0, 0.01%, 1, 0, 1, 1223.30
1590421703, 77, 1, 2, 0, 0, 0.01%, 1, 0, 1, 1513.89
1590421708, 83, 1, 2, 0, 0, 0.01%, 1, 0, 1, 1637.66
1590421713, 89, 1, 2, 0, 0, 0.01%, 1, 0, 1, 1700.90
1590421718, 95, 0, 2, 0, 0, 0.01%, 1, 0, 1, 1636.79
1590421724, 101, 0, 2, 0, 0, 0.01%, 1, 0, 1, 1637.84
